[array([ 12.2574,  12.9312,   3.1498,   1.8034]), array([ 28.9244,  15.068 ,  27.414 ,  10.2504]), array([ 41.674,  15.522,  35.676,  10.828])]

[[ 888.5036125 -121.9600375  119.0846125 -802.7723875]
 [-121.9600375  174.9663125 -150.4190375  140.9339625]
 [ 119.0846125 -150.4190375  188.7056125  -91.1313875]
 [-802.7723875  140.9339625  -91.1313875  775.8516125]]
 
 [[ 888.5036125 -121.9600375  119.0846125 -802.7723875]
 [-121.9600375  174.9663125 -150.4190375  140.9339625]
 [ 119.0846125 -150.4190375  188.7056125  -91.1313875]
 [-802.7723875  140.9339625  -91.1313875  775.8516125]]